649 Suwon 225 6 7321
670 Suwon 144 6 4833
3304 Suwon 139 10 4760
3588 Suwon 193 1 6210
4808 Suwon 330 8 12096
5863 Suwon 135 8 4496
6493 Suwon 251 1 8150
6524 Suwon 194 1 6258
6934 Suwon 307 18 10256
7069 Suwon 155 0 5048
7748 Suwon 156 0 5270
8663 Suwon 173 7 5697
8964 Suwon 124 4 4217
9116 Suwon 271 14 9536
9317 Suwon 163 2 5272
10225 Suwon 284 17 9565
10332 Suwon 133 0 4418
11045 Suwon 175 3 5698
11411 Suwon 218 0 7047
11900 Suwon 240 0 7706
12411 Suwon 172 2 5550
12500 Suwon 114 24 4151
12919 Suwon 115 22 4173
13102 Suwon 242 6 7916
13920 Suwon 169 2 5515
14462 Suwon 154 4 5037
14615 Suwon 270 2 8698
15270 Suwon 229 1 7368
16632 Suwon 145 13 4914
17800 Suwon 181 2 5886
18085 Suwon 129 8 4300
18379 Suwon 203 0 6504
18603 Suwon 177 0 5709
18614 Suwon 168 1 5401
19647 Suwon 210 1 6823
20244 Suwon 253 3 8171
21493 Suwon 259 7 8496
21657 Suwon 255 2 8332
22508 Suwon 254 7 8293
23657 Suwon 248 10 8144
23731 Suwon 230 2 7594
23960 Suwon 188 0 6018
24798 Suwon 189 3 6199
25599 Suwon 219 1 7084
25973 Suwon 213 0 6890
27680 Suwon 205 8 6745
29555 Suwon 147 4 4979
