20956 Suwon 296 57 11449	
17230 Suwon 296 21 10315	
17585 Suwon 270 52 10419	
16435 Suwon 269 69 10049	
17696 Suwon 268 97 10916	
15603 Suwon 267 50 9715	
17427 Suwon 265 98 10748	
22081 Suwon 264 62 9830	
15405 Suwon 264 32 9357	
16152 Suwon 263 78 9989	
20581 Suwon 262 68 9978	
21998 Suwon 259 45 9412	
21493 Suwon 259 7 8496	
17897 Suwon 255 33 9253	
18429 Suwon 255 8 8462	
21657 Suwon 255 2 8332	
17076 Suwon 254 44 9200	
22508 Suwon 254 7 8293	
20244 Suwon 253 3 8171	
17400 Suwon 250 70 9433	
17049 Suwon 249 75 9515	
16228 Suwon 248 99 10546	
18284 Suwon 244 19 8358	
21173 Suwon 243 74 9470	
16229 Suwon 243 61 9046	
17663 Suwon 242 100 10272	
22436 Suwon 242 82 9405	
15564 Suwon 241 34 8537	
21032 Suwon 241 26 8374	
21446 Suwon 241 20 8230	
20574 Suwon 237 35 8528	
17494 Suwon 236 8 7809	
21047 Suwon 235 76 9125	
20284 Suwon 234 31 8307	
21566 Suwon 232 15 8081	
17250 Suwon 231 98 9506	
17946 Suwon 230 59 8566	
18983 Suwon 230 24 7981	
20690 Suwon 229 83 9214	
16644 Suwon 229 12 7646	
15270 Suwon 229 1 7368	
17205 Suwon 228 99 9648	
20146 Suwon 228 83 9125	
20824 Suwon 227 53 8396	
19079 Suwon 227 52 8314	
18423 Suwon 226 49 8285	
19497 Suwon 224 36 8077	
19619 Suwon 224 29 7811	
19338 Suwon 223 16 7556	
17091 Suwon 222 95 9089	
19065 Suwon 221 68 8636	
17151 Suwon 221 46 8146	
15363 Suwon 220 99 9167	
17964 Suwon 220 39 7860	
19937 Suwon 219 74 8617	
16910 Suwon 219 59 8230	
18055 Suwon 219 33 7713	
20307 Suwon 219 13 7330	
19481 Suwon 218 81 8696	
17402 Suwon 218 67 8370	
16580 Suwon 218 43 8001	
22209 Suwon 217 98 8952	
18629 Suwon 217 50 8121	
20183 Suwon 216 9 7246	
22343 Suwon 215 61 8174	
19882 Suwon 215 30 7493	
22034 Suwon 214 90 8887	
19951 Suwon 213 68 8218	
20166 Suwon 213 63 8081	
16107 Suwon 213 53 7882	
16297 Suwon 213 32 7596	
21015 Suwon 212 54 7949	
17793 Suwon 212 26 7361	
20477 Suwon 212 20 7312	
16286 Suwon 211 97 8899	
21256 Suwon 211 93 8681	
20943 Suwon 211 83 8544	
19523 Suwon 211 49 7829	
16023 Suwon 210 100 9058	
18869 Suwon 210 99 8766	
17909 Suwon 210 70 8280	
18257 Suwon 210 60 8076	
16613 Suwon 210 50 7738	
19647 Suwon 210 1 6823	
20184 Suwon 209 84 8461	
20507 Suwon 209 57 7896	
18436 Suwon 207 97 8674	
16376 Suwon 207 93 8521	
19474 Suwon 207 76 8208	
17539 Suwon 207 63 8026	
20576 Suwon 207 56 7811	
20550 Suwon 207 47 7569	
19318 Suwon 207 16 7057	
21522 Suwon 207 7 6910	
19141 Suwon 206 65 7919	
17096 Suwon 206 37 7455	
20777 Suwon 206 24 7188	
19721 Suwon 205 20 6985	
19355 Suwon 204 13 6926	
21511 Suwon 203 79 8179	
19684 Suwon 203 73 7964	
18379 Suwon 203 0 6504	
18478 Suwon 202 96 8422	
17226 Suwon 202 22 6997	
22170 Suwon 201 78 8114	
16990 Suwon 201 3 6536	
20086 Suwon 200 44 7360	
16772 Suwon 200 11 6660	
20092 Suwon 199 87 8172	
15854 Suwon 198 76 7948	
20872 Suwon 198 65 7696	
21349 Suwon 198 39 7271	
18906 Suwon 198 14 6727	
19580 Suwon 197 91 8210	
20263 Suwon 197 78 8013	
15531 Suwon 196 100 8744	
20189 Suwon 196 55 7417	
19944 Suwon 195 95 8328	
21916 Suwon 195 30 6844	
19559 Suwon 194 90 8052	
18656 Suwon 194 84 7895	
16084 Suwon 194 60 7497	
16292 Suwon 194 16 6550	
21788 Suwon 194 5 6427	
22513 Suwon 193 12 6508	
17239 Suwon 192 94 8030	
20893 Suwon 192 71 7590	
20782 Suwon 192 46 7160	
19422 Suwon 191 67 7520	
19792 Suwon 190 29 6753	
22283 Suwon 189 79 7684	
22429 Suwon 189 55 7205	
18720 Suwon 189 36 6801	
20749 Suwon 188 74 7658	
19056 Suwon 188 45 6936	
18009 Suwon 187 70 7568	
16045 Suwon 187 22 6455	
16436 Suwon 187 13 6386	
15547 Suwon 186 29 6740	
21317 Suwon 185 93 7869	
17588 Suwon 185 75 7447	
18637 Suwon 184 99 7971	
15520 Suwon 184 95 7875	
20440 Suwon 183 83 7579	
16487 Suwon 183 1 6138	
19537 Suwon 182 90 7774	
16796 Suwon 182 61 7053	
17391 Suwon 182 22 6299	
17800 Suwon 181 2 5886	
18817 Suwon 179 75 7262	
18013 Suwon 179 73 7246	
22361 Suwon 179 42 6586	
18414 Suwon 178 86 7423	
18173 Suwon 177 91 7512	
19999 Suwon 177 51 6928	
17939 Suwon 177 6 5843	
18603 Suwon 177 0 5709	
17904 Suwon 175 70 7033	
15911 Suwon 175 38 6437	
20633 Suwon 175 16 6137	
18958 Suwon 174 23 6092	
22396 Suwon 174 10 5805	
16272 Suwon 173 62 6945	
21345 Suwon 173 26 6128	
19387 Suwon 173 8 5723	
19728 Suwon 172 83 7421	
21236 Suwon 172 61 6938	
20239 Suwon 171 53 6564	
20010 Suwon 170 80 7195	
16822 Suwon 170 69 6877	
20455 Suwon 170 32 6232	
22398 Suwon 170 13 5851	
17634 Suwon 169 84 7323	
18614 Suwon 168 1 5401	
20743 Suwon 167 81 7321	
16768 Suwon 167 71 6772	
22214 Suwon 167 27 6100	
19025 Suwon 166 77 7103	
20736 Suwon 166 36 6365	
21093 Suwon 166 21 5799	
19950 Suwon 164 12 5618	
22395 Suwon 163 92 7066	
18895 Suwon 163 57 6533	
19515 Suwon 163 17 5558	
20815 Suwon 162 38 5984	
18471 Suwon 162 6 5382	
15555 Suwon 161 97 7108	
17641 Suwon 161 69 6557	
15802 Suwon 161 7 5354	
17684 Suwon 158 89 6888	
19911 Suwon 157 45 6040	
22281 Suwon 156 26 5734	
21647 Suwon 154 91 6921	
16367 Suwon 153 100 7433	
16853 Suwon 153 48 5950	
18201 Suwon 152 58 6026	
20859 Suwon 151 73 6350	
20023 Suwon 149 44 5857	
18771 Suwon 149 36 5841	
21755 Suwon 149 22 5393	
20237 Suwon 146 67 6349	
19695 Suwon 146 33 5454	
16632 Suwon 145 13 4914	
16619 Suwon 143 69 6001	
17141 Suwon 141 73 6303	
20940 Suwon 140 15 4937	
21401 Suwon 138 56 5932	
21946 Suwon 137 56 5820	
20142 Suwon 131 33 4855	
18085 Suwon 129 8 4300	
20452 Suwon 127 100 6963	
17268 Suwon 125 73 5540	
19757 Suwon 123 66 5521	
20386 Suwon 121 98 6264	
17271 Suwon 121 60 5508	
18189 Suwon 114 27 4581	
16335 Suwon 112 72 5471	
18844 Suwon 111 68 4977	
17305 Suwon 103 66 4749	
25266 Suwon 308 27 14306	
22648 Suwon 286 47 10953	
26028 Suwon 285 99 11517	
27409 Suwon 279 47 10162	
29572 Suwon 269 37 9366	
29104 Suwon 267 14 9123	
24851 Suwon 265 43 9416	
27669 Suwon 264 12 8755	
28316 Suwon 264 7 8718	
23909 Suwon 256 13 8497	
22867 Suwon 253 57 9365	
25815 Suwon 252 88 9863	
28371 Suwon 252 62 9443	
24395 Suwon 250 29 8649	
28118 Suwon 250 13 8299	
22650 Suwon 249 45 9043	
27838 Suwon 249 10 8178	
27369 Suwon 248 15 8545	
23657 Suwon 248 10 8144	
25718 Suwon 246 67 9341	
23878 Suwon 245 98 9975	
28246 Suwon 245 68 9241	
28859 Suwon 242 52 8898	
27694 Suwon 241 96 9970	
22923 Suwon 241 56 8880	
27388 Suwon 240 76 9266	
26926 Suwon 237 38 8605	
25696 Suwon 236 97 9553	
27576 Suwon 235 10 7734	
25800 Suwon 234 98 9623	
26733 Suwon 234 87 9485	
24625 Suwon 233 40 8321	
28550 Suwon 233 28 8165	
28057 Suwon 232 68 8846	
22979 Suwon 231 29 8108	
25176 Suwon 230 61 8780	
23067 Suwon 230 26 7987	
23731 Suwon 230 2 7594	
26051 Suwon 228 93 9177	
23968 Suwon 228 53 8411	
23597 Suwon 228 29 7892	
28173 Suwon 228 19 7698	
29673 Suwon 226 99 9406	
28588 Suwon 226 81 8887	
23305 Suwon 225 99 9258	
24200 Suwon 225 37 8160	
25587 Suwon 224 48 8156	
25693 Suwon 223 99 9174	
29507 Suwon 221 39 7952	
24134 Suwon 221 20 7638	
25290 Suwon 221 15 7534	
27460 Suwon 220 13 7402	
28574 Suwon 219 75 8655	
25599 Suwon 219 1 7084	
27608 Suwon 218 94 8907	
26892 Suwon 218 34 7793	
28844 Suwon 216 77 8619	
29047 Suwon 216 59 8218	
24017 Suwon 216 16 7449	
28721 Suwon 215 100 9209	
22703 Suwon 215 80 8609	
23582 Suwon 215 25 7426	
23840 Suwon 214 78 8423	
27172 Suwon 213 22 7341	
25973 Suwon 213 0 6890	
23134 Suwon 212 86 8564	
29956 Suwon 211 96 8682	
24819 Suwon 211 46 7775	
29784 Suwon 211 27 7379	
26640 Suwon 210 73 8340	
26701 Suwon 209 78 8302	
28328 Suwon 209 52 7854	
25626 Suwon 208 99 8709	
26625 Suwon 208 28 7232	
25035 Suwon 206 75 8189	
24648 Suwon 206 53 7752	
27528 Suwon 206 29 7268	
29438 Suwon 206 20 7043	
29876 Suwon 206 8 6952	
23194 Suwon 205 70 8048	
27680 Suwon 205 8 6745	
26200 Suwon 203 98 8513	
25218 Suwon 203 86 8249	
28040 Suwon 203 63 7773	
27777 Suwon 203 57 7746	
28230 Suwon 203 1 6693	
27987 Suwon 202 95 8408	
22834 Suwon 202 47 7461	
24650 Suwon 202 14 6809	
28097 Suwon 202 10 6759	
27578 Suwon 201 74 7973	
25124 Suwon 201 46 7371	
26195 Suwon 201 32 7141	
26981 Suwon 201 18 6819	
27757 Suwon 200 89 8270	
27822 Suwon 200 43 7316	
27454 Suwon 199 81 8024	
28387 Suwon 198 30 7072	
22755 Suwon 198 16 6792	
22830 Suwon 196 89 8185	
25321 Suwon 196 45 7180	
29029 Suwon 196 40 7108	
23861 Suwon 194 91 8073	
23128 Suwon 193 89 7958	
27075 Suwon 193 61 7607	
23714 Suwon 193 58 7411	
27111 Suwon 192 100 8451	
28027 Suwon 192 34 6998	
24681 Suwon 192 11 6493	
24075 Suwon 191 98 8347	
24144 Suwon 191 75 7833	
29142 Suwon 191 49 7209	
26620 Suwon 191 19 6512	
29300 Suwon 190 22 6562	
24266 Suwon 190 14 6427	
23846 Suwon 189 46 6980	
24798 Suwon 189 3 6199	
25608 Suwon 188 69 7472	
27039 Suwon 188 24 6601	
23960 Suwon 188 0 6018	
26607 Suwon 187 61 7205	
29353 Suwon 187 4 6209	
22641 Suwon 186 92 7950	
22910 Suwon 186 72 7613	
29999 Suwon 186 64 7296	
23010 Suwon 184 100 8325	
25514 Suwon 184 89 7832	
27160 Suwon 184 65 7207	
24142 Suwon 183 32 6545	
24745 Suwon 183 14 6177	
26229 Suwon 182 7 6154	
28771 Suwon 180 28 6387	
24790 Suwon 180 13 6108	
23864 Suwon 180 4 6009	
29755 Suwon 178 23 6296	
29226 Suwon 178 20 6198	
22840 Suwon 177 26 6314	
24563 Suwon 177 5 5786	
25010 Suwon 175 100 7870	
22881 Suwon 175 73 7152	
28446 Suwon 175 52 6675	
26371 Suwon 175 31 6317	
28029 Suwon 175 4 5732	
29202 Suwon 174 97 7615	
28801 Suwon 173 75 7222	
24509 Suwon 172 68 6994	
29356 Suwon 172 56 6624	
26856 Suwon 172 41 6458	
28707 Suwon 171 76 7162	
23501 Suwon 171 16 5913	
28117 Suwon 170 59 6669	
22729 Suwon 170 6 5633	
23815 Suwon 169 19 5909	
23274 Suwon 168 100 7476	
26660 Suwon 168 96 7325	
27478 Suwon 168 71 6823	
28690 Suwon 168 54 6597	
25185 Suwon 168 16 5749	
27581 Suwon 166 99 7432	
28171 Suwon 166 94 7246	
22913 Suwon 166 75 6832	
23387 Suwon 166 69 6716	
29723 Suwon 166 64 6594	
22781 Suwon 165 96 7259	
24968 Suwon 165 71 6722	
27100 Suwon 164 78 6944	
26330 Suwon 164 17 5727	
24510 Suwon 163 31 5953	
25149 Suwon 162 93 7112	
24098 Suwon 159 97 7103	
24607 Suwon 159 92 6937	
23912 Suwon 159 76 6659	
24581 Suwon 159 70 6638	
29884 Suwon 156 58 6224	
29725 Suwon 156 49 6082	
27616 Suwon 156 47 5958	
24500 Suwon 154 55 6209	
26405 Suwon 153 56 6178	
23593 Suwon 152 80 6694	
22961 Suwon 150 55 5930	
29097 Suwon 148 96 6687	
29555 Suwon 147 4 4979	
29334 Suwon 145 88 6647	
26995 Suwon 142 81 6392	
26065 Suwon 141 49 5697	
28306 Suwon 141 43 5398	
26873 Suwon 141 28 5279	
26631 Suwon 140 71 6004	
26757 Suwon 137 17 4995	
23749 Suwon 133 76 6045	
22992 Suwon 130 91 5980	
24175 Suwon 130 18 4755	
28957 Suwon 129 65 5689	
25729 Suwon 128 66 5567	
27910 Suwon 127 53 5333	
25402 Suwon 114 88 5817	
23569 Suwon 112 98 6067	
28610 Suwon 110 25 4555	
26381 Suwon 104 85 5244	
4808 Suwon 330 8 12096	
6934 Suwon 307 18 10256	
6845 Suwon 302 69 12716	
1518 Suwon 295 91 14912	
7066 Suwon 287 93 11340	
5259 Suwon 287 46 10602	
10927 Suwon 305 88 12730	
5251 Suwon 279 80 10572	
6196 Suwon 278 97 11244	
10624 Suwon 290 82 12135	
5674 Suwon 273 100 10958	
3136 Suwon 271 89 10817	
3643 Suwon 269 60 9921	
168 Suwon 266 14 9027	
1757 Suwon 265 52 9608	
825 Suwon 265 12 8895	
3270 Suwon 264 79 10213	
6670 Suwon 264 67 10040	
6858 Suwon 264 16 8798	
2482 Suwon 263 8 8742	
4929 Suwon 260 55 9447	
741 Suwon 259 91 10274	
7273 Suwon 259 67 9917	
3861 Suwon 257 89 10046	
1975 Suwon 257 67 9780	
271 Suwon 255 71 9922	
4093 Suwon 253 76 9869	
3067 Suwon 251 44 9018	
6493 Suwon 251 1 8150	
2497 Suwon 248 38 8701	
337 Suwon 247 17 8429	
3414 Suwon 246 76 9676	
4300 Suwon 245 69 9298	
3926 Suwon 243 73 9394	
1885 Suwon 242 89 9726	
596 Suwon 242 85 9591	
2958 Suwon 242 8 8065	
759 Suwon 241 91 9595	
4550 Suwon 240 97 9815	
6123 Suwon 240 95 9814	
6305 Suwon 240 69 9249	
1028 Suwon 240 26 8355	
1783 Suwon 240 14 8080	
2675 Suwon 239 7 7882	
435 Suwon 238 99 10120	
7668 Suwon 236 49 8653	
3765 Suwon 236 44 8473	
2700 Suwon 236 36 8317	
4427 Suwon 236 16 8085	
5827 Suwon 235 83 9412	
6086 Suwon 235 70 9059	
616 Suwon 235 59 8851	
1168 Suwon 233 97 9471	
1441 Suwon 232 54 8607	
3669 Suwon 231 61 8840	
3666 Suwon 230 71 8801	
3328 Suwon 229 73 8793	
816 Suwon 228 79 9114	
7672 Suwon 228 75 9065	
5446 Suwon 228 66 8675	
2096 Suwon 228 3 7569	
3135 Suwon 227 100 9606	
6601 Suwon 227 34 8158	
3144 Suwon 227 33 8087	
3792 Suwon 226 78 8880	
1790 Suwon 226 44 8189	
3540 Suwon 225 60 8575	
7029 Suwon 225 8 7362	
649 Suwon 225 6 7321	
2942 Suwon 224 70 8770	
3493 Suwon 223 78 8863	
1898 Suwon 223 23 7676	
6657 Suwon 222 97 9137	
3132 Suwon 222 73 8777	
1919 Suwon 221 29 7726	
3016 Suwon 220 91 8945	
4608 Suwon 220 79 8675	
6433 Suwon 220 64 8581	
7139 Suwon 220 49 8120	
4400 Suwon 219 22 7519	
2109 Suwon 217 99 8991	
4259 Suwon 217 87 8739	
3442 Suwon 217 69 8447	
3422 Suwon 217 10 7305	
5147 Suwon 216 73 8587	
3473 Suwon 216 43 7798	
65 Suwon 216 3 7128	
6604 Suwon 215 96 8947	
959 Suwon 214 14 7350	
5526 Suwon 213 7 7159	
4831 Suwon 211 69 8215	
507 Suwon 211 57 7984	
2417 Suwon 211 38 7516	
4645 Suwon 210 55 7963	
7051 Suwon 210 45 7662	
4362 Suwon 210 42 7589	
4883 Suwon 210 31 7344	
1179 Suwon 210 4 6999	
4043 Suwon 208 88 8644	
7265 Suwon 208 64 8058	
178 Suwon 207 92 8478	
2201 Suwon 207 40 7515	
4232 Suwon 206 84 8319	
3247 Suwon 205 99 8708	
7685 Suwon 205 72 8088	
1652 Suwon 205 44 7453	
6748 Suwon 205 21 7047	
3577 Suwon 204 74 8163	
980 Suwon 204 68 7917	
1866 Suwon 204 52 7662	
3586 Suwon 204 36 7252	
848 Suwon 204 24 7116	
4370 Suwon 204 15 6933	
973 Suwon 204 12 6809	
4107 Suwon 203 100 8811	
7181 Suwon 203 49 7645	
4192 Suwon 202 98 8447	
4689 Suwon 202 36 7209	
6004 Suwon 201 94 8319	
6619 Suwon 201 89 8310	
3025 Suwon 201 68 7895	
3063 Suwon 200 34 7097	
733 Suwon 199 21 6887	
5407 Suwon 199 13 6717	
17 Suwon 198 50 7535	
4766 Suwon 198 11 6586	
1130 Suwon 197 14 6666	
129 Suwon 196 48 7237	
2635 Suwon 196 25 6892	
5512 Suwon 195 49 7347	
461 Suwon 195 18 6679	
1350 Suwon 195 16 6650	
1158 Suwon 194 65 7691	
6524 Suwon 194 1 6258	
3250 Suwon 193 52 7399	
1856 Suwon 193 38 7058	
3588 Suwon 193 1 6210	
3748 Suwon 192 97 8109	
1382 Suwon 192 87 7943	
3108 Suwon 191 80 7851	
6304 Suwon 191 55 7316	
6672 Suwon 191 39 6918	
7215 Suwon 191 34 6886	
1886 Suwon 190 86 7808	
4664 Suwon 190 54 7250	
7704 Suwon 189 89 7898	
5514 Suwon 189 64 7507	
6684 Suwon 188 31 6747	
2156 Suwon 187 81 7807	
4797 Suwon 186 99 8381	
3148 Suwon 185 84 7715	
5516 Suwon 185 11 6287	
3420 Suwon 184 82 7674	
7400 Suwon 184 39 6744	
5796 Suwon 184 31 6528	
1828 Suwon 183 77 7535	
1329 Suwon 183 56 7183	
6264 Suwon 182 100 8191	
6075 Suwon 182 55 7045	
5708 Suwon 181 93 7666	
7674 Suwon 181 34 6473	
4500 Suwon 181 13 6153	
5892 Suwon 180 97 7935	
6521 Suwon 180 70 7302	
4724 Suwon 180 43 6720	
1972 Suwon 179 86 7504	
7118 Suwon 179 54 6947	
3161 Suwon 179 25 6344	
2926 Suwon 178 45 6633	
7621 Suwon 178 8 5974	
7722 Suwon 177 69 7163	
4263 Suwon 177 14 5975	
3864 Suwon 176 54 6714	
1854 Suwon 176 33 6385	
5342 Suwon 175 71 7128	
6879 Suwon 175 30 6208	
541 Suwon 174 100 7829	
7195 Suwon 174 15 6035	
3541 Suwon 173 15 5879	
3659 Suwon 172 74 7027	
1795 Suwon 172 3 5640	
345 Suwon 171 35 6327	
7741 Suwon 169 67 6775	
5322 Suwon 169 41 6387	
2804 Suwon 169 20 5981	
5655 Suwon 165 82 7159	
6574 Suwon 164 77 6793	
1888 Suwon 164 65 6636	
3580 Suwon 164 40 6226	
5625 Suwon 163 78 6871	
2407 Suwon 163 52 6335	
6595 Suwon 162 52 6326	
1464 Suwon 161 42 6094	
3670 Suwon 160 85 6825	
5630 Suwon 160 47 6180	
2130 Suwon 159 40 5928	
1013 Suwon 158 96 7084	
7210 Suwon 158 82 6698	
3027 Suwon 158 67 6470	
1437 Suwon 158 8 5456	
5496 Suwon 157 98 7008	
3734 Suwon 156 62 6409	
549 Suwon 156 10 5292	
7748 Suwon 156 0 5270	
1597 Suwon 155 76 6527	
7069 Suwon 155 0 5048	
3059 Suwon 152 95 6831	
2441 Suwon 152 11 5240	
3460 Suwon 152 10 5088	
6981 Suwon 150 66 6149	
3446 Suwon 149 97 6955	
2412 Suwon 149 96 6746	
4704 Suwon 148 99 6879	
3768 Suwon 148 78 6366	
4802 Suwon 148 52 5783	
7292 Suwon 145 81 6500	
2673 Suwon 145 74 6360	
934 Suwon 145 50 5734	
4954 Suwon 144 32 5336	
440 Suwon 144 21 5114	
670 Suwon 144 6 4833	
5878 Suwon 141 72 6184	
5 Suwon 140 85 6210	
4481 Suwon 139 16 4890	
3304 Suwon 139 10 4760	
2749 Suwon 137 23 5176	
3504 Suwon 135 51 5405	
5863 Suwon 135 8 4496	
6064 Suwon 134 22 5173	
2273 Suwon 131 42 5278	
6124 Suwon 129 96 6560	
4756 Suwon 128 84 5777	
6360 Suwon 128 51 5387	
803 Suwon 121 40 4776	
1988 Suwon 121 22 4572	
1596 Suwon 119 95 5873	
4542 Suwon 118 42 4948	
5307 Suwon 104 93 5398	
10225 Suwon 284 17 9565	
14673 Suwon 280 39 9829	
11282 Suwon 279 70 10558	
9809 Suwon 274 62 10467	
10117 Suwon 271 18 9589	
9116 Suwon 271 14 9536	
14615 Suwon 270 2 8698	
11073 Suwon 265 91 10341	
7965 Suwon 258 96 10425	
14047 Suwon 257 98 10281	
14468 Suwon 255 21 8608	
10483 Suwon 254 48 9319	
13951 Suwon 253 67 9620	
14595 Suwon 252 77 9678	
11974 Suwon 252 68 9466	
13550 Suwon 250 53 9155	
11571 Suwon 248 95 10219	
11252 Suwon 248 82 9698	
10850 Suwon 248 58 9253	
8185 Suwon 246 100 10861	
9417 Suwon 244 39 8850	
11116 Suwon 244 30 8441	
11505 Suwon 243 100 10622	
9341 Suwon 243 35 8665	
13102 Suwon 242 6 7916	
12602 Suwon 240 16 8153	
11900 Suwon 240 0 7706	
13064 Suwon 239 21 8133	
14147 Suwon 238 46 8684	
10868 Suwon 237 96 9774	
8343 Suwon 237 93 9590	
8780 Suwon 237 67 8936	
8129 Suwon 236 91 9500	
7865 Suwon 236 76 9167	
12523 Suwon 236 52 8834	
11148 Suwon 235 57 8746	
8917 Suwon 234 85 9442	
10528 Suwon 233 47 8584	
11667 Suwon 232 100 9867	
8309 Suwon 231 84 9410	
9759 Suwon 231 77 9198	
8128 Suwon 231 46 8349	
12422 Suwon 231 38 8260	
14310 Suwon 231 27 8001	
9269 Suwon 230 84 9283	
13353 Suwon 230 29 7991	
10758 Suwon 229 19 7733	
12895 Suwon 228 98 9301	
9973 Suwon 228 42 8242	
8430 Suwon 227 75 8807	
10990 Suwon 227 27 7835	
14103 Suwon 226 85 8943	
12882 Suwon 226 67 8583	
10969 Suwon 224 90 9017	
7896 Suwon 224 43 8133	
7882 Suwon 222 86 8844	
14004 Suwon 222 41 7999	
10855 Suwon 222 36 7877	
10581 Suwon 221 75 8690	
10467 Suwon 221 57 8462	
14374 Suwon 221 56 8221	
8718 Suwon 220 88 8830	
11130 Suwon 220 69 8670	
9662 Suwon 220 57 8216	
13066 Suwon 220 25 7610	
8518 Suwon 219 68 8488	
14171 Suwon 219 42 7892	
9532 Suwon 219 2 7317	
12844 Suwon 218 85 8817	
12800 Suwon 218 33 7686	
11411 Suwon 218 0 7047	
10771 Suwon 217 89 8898	
9373 Suwon 217 67 8299	
11647 Suwon 216 22 7511	
9072 Suwon 215 76 8462	
13457 Suwon 215 54 8060	
10649 Suwon 215 6 7133	
10617 Suwon 215 4 7067	
13771 Suwon 214 88 8803	
14679 Suwon 214 68 8287	
13246 Suwon 214 36 7796	
10592 Suwon 214 7 7240	
10765 Suwon 213 89 8860	
9625 Suwon 213 47 7814	
10083 Suwon 213 17 7172	
14934 Suwon 212 38 7620	
12392 Suwon 209 62 8054	
15049 Suwon 209 21 7273	
12359 Suwon 208 73 8265	
12126 Suwon 208 13 6996	
10407 Suwon 207 32 7494	
12580 Suwon 207 21 7119	
12236 Suwon 205 12 6960	
8977 Suwon 204 73 8091	
9201 Suwon 203 88 8385	
11080 Suwon 202 37 7251	
13088 Suwon 201 21 6916	
10305 Suwon 201 5 6541	
11716 Suwon 200 75 8059	
13212 Suwon 200 74 7912	
10409 Suwon 200 63 7761	
14794 Suwon 200 61 7744	
11340 Suwon 199 84 8096	
7934 Suwon 199 60 7739	
13939 Suwon 197 69 7706	
13469 Suwon 197 60 7534	
11179 Suwon 196 85 8118	
12546 Suwon 196 72 7746	
13110 Suwon 196 61 7613	
8417 Suwon 195 20 6689	
11074 Suwon 194 73 7750	
15153 Suwon 194 23 6843	
13365 Suwon 194 21 6752	
9969 Suwon 193 99 8557	
8150 Suwon 193 96 8421	
13964 Suwon 193 63 7677	
11153 Suwon 193 33 6934	
11748 Suwon 193 22 6648	
14818 Suwon 193 4 6389	
8685 Suwon 192 45 7061	
15174 Suwon 191 7 6492	
9781 Suwon 191 5 6229	
9312 Suwon 190 60 7384	
13305 Suwon 189 95 8021	
14257 Suwon 189 16 6393	
9854 Suwon 188 59 7277	
10258 Suwon 186 66 7319	
12961 Suwon 186 9 6227	
8796 Suwon 185 53 7175	
10445 Suwon 185 5 6140	
11368 Suwon 184 66 7209	
10508 Suwon 184 55 7150	
12948 Suwon 184 51 7059	
11150 Suwon 184 32 6709	
11547 Suwon 184 19 6391	
10802 Suwon 183 35 6737	
13821 Suwon 183 20 6332	
13568 Suwon 182 86 7735	
10009 Suwon 182 63 7193	
12189 Suwon 182 50 6852	
12731 Suwon 182 33 6508	
12058 Suwon 182 17 6180	
8413 Suwon 181 80 7410	
11836 Suwon 181 52 6944	
10816 Suwon 181 43 6732	
10324 Suwon 180 59 6971	
10344 Suwon 179 65 7152	
8579 Suwon 179 29 6398	
11438 Suwon 178 89 7613	
12159 Suwon 178 87 7461	
13638 Suwon 178 48 6762	
15188 Suwon 178 44 6629	
9803 Suwon 178 42 6547	
8622 Suwon 177 100 8167	
14373 Suwon 177 81 7330	
11188 Suwon 176 43 6525	
8290 Suwon 176 3 5731	
12736 Suwon 175 94 7641	
11045 Suwon 175 3 5698	
11541 Suwon 174 99 7653	
12689 Suwon 174 96 7497	
10400 Suwon 174 57 6897	
8663 Suwon 173 7 5697	
9484 Suwon 172 98 7609	
9076 Suwon 172 47 6463	
12411 Suwon 172 2 5550	
11177 Suwon 171 91 7330	
13482 Suwon 171 28 6112	
13920 Suwon 169 2 5515	
15094 Suwon 168 21 5925	
10505 Suwon 168 20 5861	
11158 Suwon 167 76 7157	
8401 Suwon 166 52 6465	
8739 Suwon 166 9 5725	
9406 Suwon 165 9 5714	
14695 Suwon 164 99 7248	
14112 Suwon 164 88 7106	
11226 Suwon 163 80 6908	
9317 Suwon 163 2 5272	
8429 Suwon 162 19 5755	
13184 Suwon 161 13 5503	
13251 Suwon 160 64 6423	
12462 Suwon 159 66 6438	
9192 Suwon 159 37 5868	
9689 Suwon 159 19 5645	
9708 Suwon 157 69 6437	
9926 Suwon 156 20 5608	
8816 Suwon 155 21 5448	
11704 Suwon 155 3 5085	
10148 Suwon 154 18 5290	
14462 Suwon 154 4 5037	
9565 Suwon 153 51 6044	
12123 Suwon 152 83 6708	
8414 Suwon 151 84 6803	
12643 Suwon 151 74 6380	
9284 Suwon 151 66 6208	
8285 Suwon 151 34 5633	
8257 Suwon 151 21 5371	
8476 Suwon 150 100 6973	
15226 Suwon 148 27 5459	
10203 Suwon 147 19 5174	
10419 Suwon 145 34 5567	
10852 Suwon 140 91 6585	
13036 Suwon 135 43 5336	
10332 Suwon 133 0 4418	
13748 Suwon 130 93 6345	
13592 Suwon 130 30 4827	
8503 Suwon 124 48 4984	
9544 Suwon 124 29 4712	
8964 Suwon 124 4 4217	
14207 Suwon 122 98 6782	
8844 Suwon 115 41 4748	
12919 Suwon 115 22 4173	
12500 Suwon 114 24 4151	
